milliseconds	Werte
16759	0
16759	
5435;0;0;0;0
16855	0
16855	
5537;0;0;0;0
16957	0
16957	
5639;0;0;0;0
17062	0
17062	
5742;0;0;0;0
17164	0
17164	
5844;0;0;0;0
17274	0
17274	
5948;0;0;0;0
17370	0
17370	
6050;0;0;0;1
6050;0;1;turn left
17473	0
17473	
6153;0;0;0;1
6153;0;1;turn left
17578	0
17578	
6257;0;0;0;1
6257;0;1;turn left
17681	0
17681	
6361;0;0;0;0
17784	0
17784	
6465;0;0;0;0
17886	0
17886	
6567;0;0;0;0
17994	0
17994	
6670;0;0;1;0
6670;0;1;turn right
18095	0
18095	
6773;0;0;2;0
6773;0;1;turn right
18198	0
18198	
6877;0;0;2;0
6877;0;1;turn right
18301	0
18301	
6980;0;0;2;0
6980;0;1;turn right
18404	0
18404	
7083;0;0;1;0
7083;0;1;turn right
18510	0
18510	
7189;0;0;0;0
18609	0
18609	
7291;0;0;0;0
18715	0
18715	
7394;0;0;0;1
7394;0;1;turn left
18817	0
18817	
7497;0;0;0;2
7497;0;1;turn left
18920	0
18920	
7600;0;0;0;2
7600;0;1;turn left
19025	0
19025	
7704;0;0;0;2
7704;0;1;turn left
19128	0
19128	
7808;0;0;0;1
7808;0;1;turn left
19244	0
19244	
7912;0;0;0;1
7912;0;1;turn left
19336	0
19336	
8016;0;0;0;0
19438	0
19438	
8118;0;0;0;0
19541	0
19541	
8220;0;0;0;0
19644	0
19644	
8322;0;0;2;0
8322;0;1;turn right
19754	0
19754	
8427;0;0;2;0
8427;0;1;turn right
19855	0
19855	
8535;0;0;2;0
8535;0;1;turn right
19964	0
19964	
8638;0;0;2;0
8638;0;1;turn right
20061	0
20061	
8740;0;0;1;0
8741;0;1;turn right
20161	0
20161	
8843;0;0;0;0
20263	0
20263	
8945;0;0;0;0
20368	0
20368	
9047;0;0;0;1
9048;0;1;turn left
20478	0
20478	
9152;0;0;0;2
9152;0;1;turn left
20576	0
20576	
9256;0;0;0;1
9256;0;1;turn left
20683	0
20683	
9359;0;0;0;1
9359;0;1;turn left
20782	0
20782	
9462;0;0;0;0
20882	0
20882	
9564;0;0;0;0
20984	0
20984	
9666;0;0;0;0
21092	0
21092	
9769;0;0;1;0
9769;0;1;turn right
21208	0
21208	
9880;0;0;2;0
9880;0;1;turn right
21302	0
21302	
9982;0;0;2;0
9982;0;1;turn right
21406	0
21406	
10085;0;0;1;0
10085;0;1;turn right
21509	0
21509	
10189;0;0;0;0
21612	0
21612	
10292;0;0;0;0
21725	0
21725	
10397;0;0;0;1
10397;0;1;turn left
21821	0
21821	
10499;0;0;0;2
10499;0;1;turn left
21923	0
21923	
10603;0;0;0;2
10603;0;1;turn left
22028	0
22028	
10707;0;0;0;1
10707;0;1;turn left
22131	0
22131	
10810;0;0;0;1
10810;0;1;turn left
22243	0
22243	
10915;0;0;0;0
22337	0
22337	
11017;0;0;0;0
22440	0
22440	
11120;0;0;0;0
22543	0
22543	
11222;0;0;1;0
11222;0;1;turn right
22645	0
22645	
11325;0;0;2;0
11325;0;1;turn right
22761	0
22761	
11431;0;0;2;0
11431;0;1;turn right
22854	0
22854	
11533;0;0;1;0
11533;0;1;turn right
22954	0
22954	
11636;0;0;0;0
23056	0
23056	
11738;0;0;0;0
23160	0
23160	
11840;0;0;0;0
23277	0
23277	
11943;0;0;0;1
11943;0;1;turn left
23368	0
23368	
12047;0;0;0;2
12047;0;1;turn left
23471	0
23471	
12151;0;0;0;2
12151;0;1;turn left
23575	0
23575	
12254;0;0;0;2
12254;0;1;turn left
23677	0
23677	
12357;0;0;0;1
12357;0;1;turn left
23795	0
23795	
12465;0;0;0;1
12465;0;1;turn left
23890	0
23890	
12570;0;0;0;0
23993	0
23993	
12673;0;0;0;0
24096	0
24096	
12776;0;0;0;0
24201	0
24201	
12879;0;0;1;0
12879;0;1;turn right
24317	0
24317	
12986;0;0;2;0
12986;0;1;turn right
24410	0
24410	
13089;0;0;2;0
13089;0;1;turn right
24513	0
24513	
13192;0;0;2;0
13192;0;1;turn right
24616	0
24616	
13296;0;0;1;0
13296;0;1;turn right
24719	0
24719	
13399;0;0;1;0
13399;0;1;turn right
24824	0
24824	
13503;0;0;0;0
24925	0
24925	
13605;0;0;0;0
25029	0
25029	
13707;0;0;0;1
13707;0;1;turn left
25134	0
25134	
13811;0;0;0;2
13811;0;1;turn left
25237	0
25237	
13916;0;0;0;2
13916;0;1;turn left
25343	0
25343	
14022;0;0;0;2
14023;0;1;turn left
25445	0
25445	
14125;0;0;0;1
14125;0;1;turn left
25553	0
25553	
14228;0;0;0;1
14228;0;1;turn left
25652	0
25652	
14332;0;0;0;0
25755	0
25755	
14435;0;0;0;0
25859	0
25859	
14538;0;0;1;0
14538;0;1;turn right
25962	0
25962	
14641;0;0;1;0
14641;0;1;turn right
26073	0
26073	
14744;0;0;1;0
14744;0;1;turn right
26167	0
26167	
14847;0;0;0;0
26267	0
26267	
14949;0;0;0;0
26370	0
26370	
15052;0;0;0;0
26477	0
26477	
15155;0;0;0;1
15155;0;1;turn left
26587	0
26587	
15258;0;0;0;2
15258;0;1;turn left
26682	0
26682	
15361;0;0;0;2
15361;0;1;turn left
26785	0
26785	
15464;0;0;0;1
15464;0;1;turn left
26887	0
26887	
15567;0;0;0;1
15567;0;1;turn left
26988	0
26988	
15670;0;0;0;0
27103	0
27103	
15777;0;0;0;0
27199	0
27199	
15879;0;0;0;0
27302	0
27302	
15982;0;0;1;0
15982;0;1;turn right
27405	0
27405	
16085;0;0;2;0
16085;0;1;turn right
27509	0
27509	
16188;0;0;2;0
16188;0;1;turn right
27618	0
27618	
16293;0;0;1;0
16293;0;1;turn right
27721	0
27721	
16399;0;0;1;0
16399;0;1;turn right
27823	0
27823	
16503;0;0;0;0
27923	0
27923	
16605;0;0;0;0
28027	0
28027	
16707;0;0;0;1
16707;0;1;turn left
28131	0
28131	
16810;0;0;0;1
16810;0;1;turn left
28234	0
28234	
16914;0;0;0;2
16914;0;1;turn left
28347	0
28347	
17017;0;0;0;1
17017;0;1;turn left
28441	0
28441	
17120;0;0;0;1
17120;0;1;turn left
28543	0
28543	
17223;0;0;0;0
28643	0
28643	
17325;0;0;0;0
28747	0
28747	
17427;0;0;0;0
28861	0
28861	
17533;0;0;1;0
17533;0;1;turn right
28956	0
28956	
17636;0;0;2;0
17636;0;1;turn right
29061	0
29061	
17739;0;0;2;0
17739;0;1;turn right
29163	0
29163	
17842;0;0;1;0
17842;0;1;turn right
29265	0
29265	
17945;0;0;1;0
17945;0;1;turn right
29366	0
29366	
18048;0;0;0;0
29470	0
29470	
18150;0;0;0;0
29574	0
29574	
18253;0;0;0;1
18253;0;1;turn left
29676	0
29676	
18356;0;0;0;1
18356;0;1;turn left
29780	0
29780	
18459;0;0;0;2
18459;0;1;turn left
29882	0
29882	
18562;0;0;0;1
18562;0;1;turn left
29985	0
29985	
18665;0;0;0;1
18665;0;1;turn left
30103	0
30103	
18768;0;0;0;1
18768;0;1;turn left
30189	0
30189	
18871;0;0;0;0
30293	0
30293	
18973;0;0;0;0
30395	0
30395	
19075;0;0;0;0
30499	0
30499	
19177;0;0;1;0
19177;0;1;turn right
30618	0
30618	
19285;0;0;2;0
19285;0;1;turn right
30710	0
30710	
19387;0;0;2;0
19387;0;1;turn right
30812	0
30812	
19490;0;0;2;0
19490;0;1;turn right
30916	0
30916	
19593;0;0;1;0
19593;0;1;turn right
31019	0
31019	
19697;0;0;0;0
31121	0
31121	
19802;0;0;0;0
31227	0
31227	
19906;0;0;0;0
31341	0
31341	
20009;0;0;0;1
20010;0;1;turn left
31434	0
31434	
20112;0;0;0;1
20112;0;1;turn left
31537	0
31537	
20216;0;0;0;1
20216;0;1;turn left
31639	0
31639	
20319;0;0;0;1
20319;0;1;turn left
31742	0
31742	
20422;0;0;0;1
20422;0;1;turn left
31853	0
31853	
20528;0;0;0;1
20528;0;1;turn left
31954	0
31954	
20632;0;0;0;1
20632;0;1;turn left
32056	0
32056	
20736;0;0;0;0
32156	0
32156	
20838;0;0;0;0
32260	0
32260	
20940;0;0;1;0
20940;0;1;turn right
32364	0
32364	
21044;0;0;2;0
21044;0;1;turn right
32469	0
32469	
21148;0;0;1;0
21148;0;1;turn right
32583	0
32583	
21257;0;0;0;0
32680	0
32680	
21360;0;0;0;0
32783	0
32783	
21463;0;0;0;0
32885	0
32885	
21565;0;0;0;1
21565;0;1;turn left
32989	0
32989	
21668;0;0;0;1
21668;0;1;turn left
33101	0
33101	
21774;0;0;0;1
21774;0;1;turn left
33198	0
33198	
21878;0;0;0;1
21878;0;1;turn left
33307	0
33307	
21981;0;0;0;1
21981;0;1;turn left
33402	0
33402	
22084;0;0;0;0
33506	0
33506	
22186;0;0;0;0
33608	0
33608	
22288;0;0;1;0
22288;0;1;turn right
33711	0
33711	
22391;0;0;1;0
22391;0;1;turn right
33824	0
33824	
22498;0;0;1;0
22498;0;1;turn right
33923	0
33923	
22602;0;0;1;0
22602;0;1;turn right
34031	0
34031	
22705;0;0;0;0
34127	0
34127	
22807;0;0;0;0
34233	0
34233	
22910;0;0;0;1
22910;0;1;turn left
34336	0
34336	
23015;0;0;0;1
23015;0;1;turn left
34439	0
34439	
23118;0;0;0;1
23118;0;1;turn left
34545	0
34545	
23223;0;0;0;1
23223;0;1;turn left
34648	0
34648	
23327;0;0;0;1
23327;0;1;turn left
34756	0
34756	
23430;0;0;0;0
34852	0
34852	
23532;0;0;0;0
34955	0
34955	
23635;0;0;0;0
35057	0
35057	
23737;0;0;1;0
23737;0;1;turn right
35161	0
35161	
23841;0;0;2;0
23841;0;1;turn right
35271	0
35271	
23946;0;0;2;0
23946;0;1;turn right
35372	0
35372	
24051;0;0;2;0
24051;0;1;turn right
35485	0
35485	
24154;0;0;1;0
24154;0;1;turn right
35577	0
35577	
24257;0;0;0;0
35680	0
35680	
24360;0;0;0;0
35780	0
35780	
24462;0;0;0;0
35884	0
35884	
24564;0;0;0;1
24564;0;1;turn left
36000	0
36000	
24667;0;0;0;1
24667;0;1;turn left
36090	0
36090	
24770;0;0;0;1
24770;0;1;turn left
36195	0
36195	
24874;0;0;0;1
24874;0;1;turn left
36299	0
36299	
24978;0;0;0;1
24978;0;1;turn left
36402	0
36402	
25081;0;0;0;1
25081;0;1;turn left
36514	0
36514	
25186;0;0;0;1
25186;0;1;turn left
36611	0
36611	
25290;0;0;0;0
36714	0
36714	
25393;0;0;0;0
36815	0
36815	
25495;0;0;0;0
36920	0
36920	
25597;0;0;1;0
25597;0;1;turn right
37030	0
37030	
25707;0;0;2;0
25707;0;1;turn right
37134	0
37134	
25812;0;0;2;0
25812;0;1;turn right
37240	0
37240	
25915;0;0;1;0
25915;0;1;turn right
37338	0
37338	
26017;0;0;1;0
26017;0;1;turn right
37439	0
37439	
26120;0;0;0;0
37543	0
37543	
26223;0;0;0;0
37647	0
37647	
26326;0;0;0;1
26327;0;1;turn left
37763	0
37763	
26433;0;0;0;1
26433;0;1;turn left
37855	0
37855	
26535;0;0;0;1
26535;0;1;turn left
37960	0
37960	
26639;0;0;0;1
26639;0;1;turn left
38062	0
38062	
26742;0;0;0;0
38164	0
38164	
26844;0;0;0;0
38280	0
38280	
26952;0;0;0;0
38375	0
38375	
27055;0;0;1;0
27055;0;1;turn right
38480	0
38480	
27158;0;0;1;0
27158;0;1;turn right
38583	0
38583	
27262;0;0;1;0
27262;0;1;turn right
38686	0
38686	
27366;0;0;0;0
38801	0
38801	
27475;0;0;0;0
38895	0
38895	
27577;0;0;0;0
39000	0
39000	
27679;0;0;0;1
27679;0;1;turn left
39102	0
39102	
27782;0;0;0;1
27782;0;1;turn left
39206	0
39206	
27885;0;0;0;1
27885;0;1;turn left
39328	0
39328	
27996;0;0;0;1
27996;0;1;turn left
39418	0
39418	
28098;0;0;0;1
28098;0;1;turn left
39519	0
39519	
28201;0;0;0;0
39623	0
39623	
28303;0;0;0;0
39726	0
39726	
28406;0;0;0;0
39840	0
39840	
28509;0;0;1;0
28509;0;1;turn right
39934	0
39934	
28612;0;0;1;0
28612;0;1;turn right
40036	0
40036	
28716;0;0;2;0
28716;0;1;turn right
40139	0
40139	
28819;0;0;1;0
28819;0;1;turn right
40242	0
40242	
28922;0;0;1;0
28922;0;1;turn right
40353	0
40353	
29027;0;0;0;0
40450	0
40450	
29130;0;0;0;0
40553	0
40553	
29232;0;0;0;1
29232;0;1;turn left
40658	0
40658	
29337;0;0;0;1
29337;0;1;turn left
40761	0
40761	
29440;0;0;0;1
29440;0;1;turn left
40874	0
40874	
29545;0;0;0;1
29545;0;1;turn left
40970	0
40970	
29649;0;0;0;1
29649;0;1;turn left
41073	0
41073	
29752;0;0;0;1
29752;0;1;turn left
41173	0
41173	
29855;0;0;0;0
41277	0
41277	
29957;0;0;0;0
41387	0
41387	
30061;0;0;0;0
41483	0
41483	
30163;0;0;1;0
30163;0;1;turn right
41589	0
41589	
30267;0;0;2;0
30267;0;1;turn right
41693	0
41693	
30371;0;0;1;0
30371;0;1;turn right
41795	0
41795	
30474;0;0;1;0
30474;0;1;turn right
41909	0
41909	
30580;0;0;1;0
30580;0;1;turn right
42008	0
42008	
30685;0;0;1;0
30685;0;1;turn right
42109	0
42109	
30788;0;0;0;0
42210	0
42210	
30890;0;0;0;0
42315	0
42315	
30992;0;0;0;1
30992;0;1;turn left
42421	0
42421	
31098;0;0;0;1
31098;0;1;turn left
42525	0
42525	
31203;0;0;0;1
31203;0;1;turn left
42632	0
42632	
31306;0;0;0;1
31306;0;1;turn left
42728	0
42728	
31408;0;0;0;1
31408;0;1;turn left
42831	0
42831	
31511;0;0;0;1
31511;0;1;turn left
42934	0
42934	
31614;0;0;0;0
43037	0
43037	
31717;0;0;0;0
43150	0
43150	
31820;0;0;1;0
31820;0;1;turn right
43246	0
43246	
31924;0;0;1;0
31924;0;1;turn right
43348	0
43348	
32027;0;0;1;0
32027;0;1;turn right
43451	0
43451	
32131;0;0;0;0
43551	0
43551	
32233;0;0;0;0
43670	0
43670	
32337;0;0;0;1
32337;0;1;turn left
43764	0
43764	
32442;0;0;0;1
32442;0;1;turn left
43867	0
43867	
32545;0;0;0;1
32545;0;1;turn left
43969	0
43969	
32650;0;0;0;0
44073	0
44073	
32753;0;0;0;0
44178	0
44178	
32857;0;0;0;0
44277	0
44277	
32959;0;0;0;0
44382	0
44382	
33061;0;0;1;0
33061;0;1;turn right
44486	0
44486	
33165;0;0;2;0
33165;0;1;turn right
44590	0
44590	
33269;0;0;1;0
33269;0;1;turn right
44694	0
44694	
33373;0;0;1;0
33373;0;1;turn right
44794	0
44794	
33476;0;0;0;0
44908	0
44908	
33579;0;0;0;0
45001	0
45001	
33681;0;0;0;0
45105	0
45105	
33784;0;0;0;1
33784;0;1;turn left
45209	0
45209	
33888;0;0;0;1
33888;0;1;turn left
45312	0
45312	
33991;0;0;0;1
33991;0;1;turn left
45425	0
45425	
34096;0;0;0;1
34096;0;1;turn left
45521	0
45521	
34200;0;0;0;1
34200;0;1;turn left
45630	0
45630	
34303;0;0;0;1
34303;0;1;turn left
45727	0
45727	
34407;0;0;0;0
45827	0
45827	
34509;0;0;0;0
45933	0
45933	
34611;0;0;1;0
34611;0;1;turn right
46037	0
46037	
34715;0;0;1;0
34715;0;1;turn right
46149	0
46149	
34821;0;0;1;0
34821;0;1;turn right
46248	0
46248	
34926;0;0;1;0
34926;0;1;turn right
46353	0
46353	
35029;0;0;0;0
46449	0
46449	
35131;0;0;0;0
46553	0
46553	
35233;0;0;0;0
46657	0
46657	
35336;0;0;0;1
35336;0;1;turn left
46760	0
46760	
35439;0;0;0;1
35439;0;1;turn left
46875	0
46875	
35542;0;0;0;1
35542;0;1;turn left
46966	0
46966	
35645;0;0;0;1
35645;0;1;turn left
47069	0
47069	
35748;0;0;0;1
35748;0;1;turn left
47171	0
47171	
35851;0;0;0;1
35851;0;1;turn left
47275	0
47275	
35954;0;0;0;1
35954;0;1;turn left
47378	0
47378	
36057;0;0;0;0
47478	0
47478	
36159;0;0;0;0
47580	0
47580	
36261;0;0;0;0
47684	0
47684	
36364;0;0;1;0
36364;0;1;turn right
47789	0
47789	
36467;0;0;1;0
36467;0;1;turn right
47890	0
47890	
36570;0;0;1;0
36570;0;1;turn right
47996	0
47996	
36673;0;0;1;0
36673;0;1;turn right
48106	0
48106	
36781;0;0;1;0
36781;0;1;turn right
48209	0
48209	
36889;0;0;1;0
36889;0;1;turn right
48316	0
48316	
36992;0;0;0;0
48416	0
48416	
37095;0;0;0;1
37095;0;1;turn left
48520	0
48520	
37199;0;0;0;1
37199;0;1;turn left
48624	0
48624	
37303;0;0;0;1
37303;0;1;turn left
48727	0
48727	
37406;0;0;0;1
37406;0;1;turn left
48830	0
48830	
37512;0;0;0;0
48935	0
48935	
37615;0;0;0;0
49041	0
49041	
37721;0;0;0;0
49147	0
49147	
37826;0;0;1;0
37826;0;1;turn right
49253	0
49253	
37932;0;0;1;0
37932;0;1;turn right
49358	0
49358	
38037;0;0;1;0
38037;0;1;turn right
49464	0
49464	
38143;0;0;1;0
38143;0;1;turn right
49572	0
49572	
38250;0;0;0;0
49674	0
49674	
38354;0;0;0;0
49786	0
49786	
38460;0;0;0;1
38460;0;1;turn left
49889	0
49889	
38566;0;0;0;1
38566;0;1;turn left
49992	0
49992	
38672;0;0;0;1
38672;0;1;turn left
50099	0
50099	
38778;0;0;0;1
38778;0;1;turn left
50202	0
50202	
38882;0;0;0;1
38882;0;1;turn left
50306	0
50306	
38988;0;0;0;0
50412	0
50412	
39092;0;0;0;0
50525	0
50525	
39198;0;0;1;0
39198;0;1;turn right
50625	0
50625	
39304;0;0;1;0
39304;0;1;turn right
50730	0
50730	
39409;0;0;2;0
39409;0;1;turn right
50836	0
50836	
39515;0;0;1;0
39515;0;1;turn right
50942	0
50942	
39621;0;0;0;0
51047	0
51047	
39727;0;0;0;0
51154	0
51154	
39832;0;0;0;0
51264	0
51264	
39939;0;0;0;1
39939;0;1;turn left
51365	0
51365	
40044;0;0;0;1
40044;0;1;turn left
51468	0
51468	
40148;0;0;0;1
40148;0;1;turn left
51575	0
51575	
40254;0;0;0;1
40254;0;1;turn left
51679	0
51679	
40359;0;0;0;1
40359;0;1;turn left
51785	0
51785	
40465;0;0;0;1
40465;0;1;turn left
51893	0
51893	
40571;0;0;0;1
40571;0;1;turn left
52009	0
52009	
40684;0;0;0;0
52107	0
52107	
40788;0;0;0;0
52214	0
52214	
40893;0;0;1;0
40893;0;1;turn right
52318	0
52318	
40998;0;0;1;0
40998;0;1;turn right
52424	0
52424	
41103;0;0;1;0
41103;0;1;turn right
52529	0
52529	
41208;0;0;1;0
41208;0;1;turn right
52634	0
52634	
41313;0;0;0;0
52749	0
52749	
41423;0;0;0;0
52850	0
52850	
41529;0;0;0;1
41529;0;1;turn left
52961	0
52961	
41635;0;0;0;2
41635;0;1;turn left
53062	0
53062	
41741;0;0;0;2
41741;0;1;turn left
53168	0
53168	
41847;0;0;0;2
41847;0;1;turn left
53274	0
53274	
41953;0;0;0;2
41953;0;1;turn left
53383	0
53383	
42059;0;0;0;2
42059;0;1;turn left
53487	0
53487	
42164;0;0;0;1
42164;0;1;turn left
53594	0
53594	
42272;0;0;0;1
42272;0;1;turn left
53704	0
53704	
42382;0;0;0;1
42382;0;1;turn left
53810	0
53810	
42489;0;0;0;1
42489;0;1;turn left
53929	0
53929	
42598;0;0;0;1
42601;0;1;turn left
54027	0
54027	
42706;0;0;0;1
42706;0;1;turn left
54133	0
54133	
42812;0;0;0;1
42812;0;1;turn left
54238	0
54238	
42917;0;0;0;1
42917;0;1;turn left
54344	0
54344	
43023;0;0;0;2
43023;0;1;turn left
54448	0
54448	
43128;0;0;0;2
43128;0;1;turn left
54553	0
54553	
43233;0;0;0;2
43233;0;1;turn left
54677	0
54677	
43345;0;0;0;2
43345;0;1;turn left
54769	0
54769	
43448;0;0;0;2
43448;0;1;turn left
54871	0
54871	
43551;0;0;0;1
43551;0;1;turn left
54975	0
54975	
43654;0;0;0;1
43654;0;1;turn left
55077	0
55077	
43757;0;0;0;0
55181	0
55181	
43860;0;0;0;0
55280	0
55280	
43962;0;0;0;0
55389	0
55389	
44064;0;0;1;0
44064;0;1;turn right
55488	0
55488	
44167;0;0;2;0
44167;0;1;turn right
55591	0
55591	
44270;0;0;2;0
44270;0;1;turn right
55694	0
55694	
44373;0;0;1;0
44373;0;1;turn right
55795	0
55795	
44476;0;0;0;0
55909	0
55909	
44587;0;0;0;0
56013	0
56013	
44691;0;0;0;1
44691;0;1;turn left
56127	0
56127	
44796;0;0;0;2
44796;0;1;turn left
56223	0
56223	
44901;0;0;0;2
44902;0;1;turn left
56330	0
56330	
45006;0;0;0;2
45006;0;1;turn left
56435	0
56435	
45111;0;0;0;2
45111;0;1;turn left
56541	0
56541	
45220;0;0;0;1
45220;0;1;turn left
56644	0
56644	
45325;0;0;0;0
56749	0
56749	
45429;0;0;0;0
56861	0
56861	
45534;0;0;1;0
45534;0;1;turn right
56960	0
56960	
45639;0;0;2;0
45639;0;1;turn right
57066	0
57066	
45745;0;0;1;0
45745;0;1;turn right
57168	0
57168	
45850;0;0;0;0
57276	0
57276	
45955;0;0;0;0
57382	0
57382	
46061;0;0;0;1
46061;0;1;turn left
57487	0
57487	
46166;0;0;0;2
46166;0;1;turn left
57605	0
57605	
46271;0;0;0;1
46276;0;1;turn left
57700	0
57700	
46379;0;0;0;1
46379;0;1;turn left
57805	0
57805	
46483;0;0;0;1
46483;0;1;turn left
